JM2
2
flag,flagpole
0.000000 0.000000 0.000000 0.000000 0.000000
24 12
2.646847 0.735775 -0.043823 -0.996643 -0.081820 0.000000 0.992343 0.991689 0 1.000000
2.646847 0.735775 -0.043823 -0.081820 0.996643 0.000000 0.002279 0.252952 0 1.000000
2.646847 0.735775 -0.043823 0.000000 0.000000 1.000000 0.006107 0.978992 0 1.000000
2.646847 0.735774 -2.887948 -0.996643 -0.081820 0.000000 0.499781 0.991605 0 1.000000
2.646847 0.735774 -2.887948 -0.081820 0.996643 0.000000 0.002279 0.952555 0 1.000000
2.646847 0.735774 -2.887948 0.000000 0.000000 -0.999969 0.499781 0.991605 0 1.000000
2.648004 0.721690 -2.887948 -0.996643 -0.081820 0.000000 0.499715 0.987306 0 1.000000
2.648004 0.721690 -2.887948 0.000000 0.000000 -1.000000 0.499715 0.987306 0 1.000000
2.648004 0.721690 -2.887948 0.081820 -0.996643 0.000000 0.999568 0.952555 0 1.000000
2.648004 0.721690 -0.043823 -0.996643 -0.081820 0.000000 0.992277 0.987391 0 1.000000
2.648004 0.721690 -0.043823 0.000000 0.000000 1.000000 0.006041 0.974694 0 1.000000
2.648004 0.721690 -0.043823 0.081820 -0.996643 0.000000 0.999568 0.252951 0 1.000000
4.667204 0.901674 -2.887948 -0.081820 0.996643 0.000000 0.999567 0.952555 0 1.000000
4.667204 0.901674 -2.887948 0.000000 0.000000 -1.000000 0.007222 0.991689 0 1.000000
4.667204 0.901674 -2.887948 0.996643 0.081851 0.000000 0.991229 0.978992 0 1.000000
4.667204 0.901674 -0.043823 -0.081820 0.996643 0.000000 0.999567 0.252951 0 1.000000
4.667204 0.901674 -0.043823 0.000000 0.000000 1.000000 0.498666 0.978908 0 1.000000
4.667204 0.901674 -0.043823 0.996643 0.081851 0.000000 0.498666 0.978908 0 1.000000
4.668361 0.887589 -2.887948 0.000000 0.000000 -0.999969 0.007156 0.987391 0 1.000000
4.668361 0.887589 -2.887948 0.081820 -0.996643 0.000000 0.002280 0.952555 0 1.000000
4.668361 0.887589 -2.887948 0.996643 0.081851 0.000000 0.991163 0.974694 0 1.000000
4.668361 0.887590 -0.043823 0.000000 0.000000 1.000000 0.498600 0.974609 0 1.000000
4.668361 0.887590 -0.043823 0.081820 -0.996643 0.000000 0.002280 0.252951 0 1.000000
4.668361 0.887590 -0.043823 0.996643 0.081851 0.000000 0.498600 0.974609 0 1.000000
19
22
11
19
11
8
12
4
1
12
1
15
23
20
14
23
14
17
10
21
16
10
16
2
18
7
5
18
5
13
6
9
0
6
0
3
